name=rook
residents=hariemon
mayor=hariemon
assistants=
townBoard=/town set board [msg]
tag=
protectionStatus=residentBuild,residentDestroy,residentSwitch,residentItemUse,pvp
bonusBlocks=0
purchasedBlocks=0
taxpercent=false
taxes=0.0
plotPrice=0.0
plotTax=0.0
commercialPlotPrice=0.0
commercialPlotTax=0.0
embassyPlotPrice=0.0
embassyPlotTax=0.0
hasUpkeep=true
open=false
adminDisabledPvP=false
public=true
townBlocks=world:[0,0]-30,61,-1.0;[0,0]-29,61,-1.0;[0,0]-28,61,-1.0;[0,0]-27,61,-1.0;[0,0]-26,61,-1.0;[0,0]-25,61,-1.0;[0,0]-24,61,-1.0;[0,0]-23,61,-1.0;[0,0]-31,61,-1.0;[0,0]-22,61,-1.0;[0,0]-21,61,-1.0;[0,0]-20,61,-1.0;[0,0]-19,61,-1.0;[0,0]-18,61,-1.0;[0,0]-17,61,-1.0;[0,0]-16,61,-1.0;[0,0]-32,61,-1.0;[0,0]-33,61,-1.0;[0,0]-34,61,-1.0;[0,0]-35,61,-1.0;[0,0]-36,61,-1.0;[0,0]-37,61,-1.0;[0,0]-38,61,-1.0;[0,0]-39,61,-1.0;[0,0]-40,61,-1.0;[0,0]-41,61,-1.0;[0,0]-42,61,-1.0;[0,0]-43,61,-1.0;[0,0]-44,61,-1.0;[0,0]-45,61,-1.0;[0,0]-45,60,-1.0;[0,0]-44,60,-1.0;[0,0]-43,60,-1.0;[0,0]-42,60,-1.0;[0,0]-41,60,-1.0;[0,0]-40,60,-1.0;[0,0]-39,60,-1.0;[0,0]-38,60,-1.0;[0,0]-37,60,-1.0;[0,0]-36,60,-1.0;[0,0]-35,60,-1.0;[0,0]-34,60,-1.0;[0,0]-33,60,-1.0;[0,0]-32,60,-1.0;[0,0]-31,60,-1.0;[0,0]-29,60,-1.0;[0,0]-28,60,-1.0;[0,0]-27,60,-1.0;[0,0]-26,60,-1.0;[0,0]-25,60,-1.0;[0,0]-24,60,-1.0;[0,0]-23,60,-1.0;[0,0]-22,60,-1.0;[0,0]-21,60,-1.0;[0,0]-20,60,-1.0;[0,0]-19,60,-1.0;[0,0]-18,60,-1.0;[0,0]-17,60,-1.0;[0,0]-16,60,-1.0;[0,0]-16,59,-1.0;[0,0]-17,59,-1.0;[0,0]-18,59,-1.0;[0,0]-19,59,-1.0;[0,0]-20,59,-1.0;[0,0]-21,59,-1.0;[0,0]-22,59,-1.0;[0,0]-23,59,-1.0;[0,0]-24,59,-1.0;[0,0]-25,59,-1.0;[0,0]-30,60,-1.0;[0,0]-26,59,-1.0;[0,0]-27,59,-1.0;[0,0]-28,59,-1.0;[0,0]-29,59,-1.0;[0,0]-30,59,-1.0;[0,0]-32,59,-1.0;[0,0]-33,59,-1.0;[0,0]-34,59,-1.0;[0,0]-35,59,-1.0;[0,0]-36,59,-1.0;[0,0]-37,59,-1.0;[0,0]-38,59,-1.0;[0,0]-39,59,-1.0;[0,0]-40,59,-1.0;[0,0]-41,59,-1.0;[0,0]-42,59,-1.0;[0,0]-43,59,-1.0;[0,0]-44,59,-1.0;[0,0]-30,58,-1.0;[0,0]-31,58,-1.0;[0,0]-32,58,-1.0;[0,0]-33,58,-1.0;[0,0]-35,58,-1.0;[0,0]-36,58,-1.0;[0,0]-37,58,-1.0;[0,0]-38,58,-1.0;[0,0]-39,58,-1.0;[0,0]-40,58,-1.0;[0,0]-41,58,-1.0;[0,0]-42,58,-1.0;[0,0]-43,58,-1.0;[0,0]-44,58,-1.0;[0,0]-44,57,-1.0;[0,0]-43,57,-1.0;[0,0]-42,57,-1.0;[0,0]-41,57,-1.0;[0,0]-40,57,-1.0;[0,0]-39,57,-1.0;[0,0]-38,57,-1.0;[0,0]-37,57,-1.0;[0,0]-36,57,-1.0;[0,0]-35,57,-1.0;[0,0]-34,57,-1.0;[0,0]-33,57,-1.0;[0,0]-31,57,-1.0;[0,0]-30,57,-1.0;[0,0]-29,57,-1.0;[0,0]-28,57,-1.0;[0,0]-27,57,-1.0;[0,0]-26,57,-1.0;[0,0]-25,57,-1.0;[0,0]-24,57,-1.0;[0,0]-23,57,-1.0;[0,0]-22,57,-1.0;[0,0]-21,57,-1.0;[0,0]-20,57,-1.0;[0,0]-19,57,-1.0;[0,0]-18,57,-1.0;[0,0]-31,62,-1.0;[0,0]-32,62,-1.0;[0,0]-33,62,-1.0;[0,0]-34,62,-1.0;[0,0]-35,62,-1.0;[0,0]-36,62,-1.0;[0,0]-37,62,-1.0;[0,0]-38,62,-1.0;[0,0]-39,62,-1.0;[0,0]-40,62,-1.0;[0,0]-41,62,-1.0;[0,0]-42,62,-1.0;[0,0]-43,62,-1.0;[0,0]-44,62,-1.0;[0,0]-45,62,-1.0;|
homeBlock=world,-30,61
spawn=world,-479.31750085717067,84.0,982.4880679459174,81.75001,262.7999
